13Ι

Quod Hoiborgios introductionem harmonicam spuriam
3333 contendit, id dualis 11311 confirmator. Nom quae in hoo

8,15. 12, 4. 4, 12, 6. 9, 24, 28. 3, 38, 20. 40, 8. 21, 62, 12. 36,108,
15. 37, 108, 20. 110, 8. 38,110,13. 114, 1. 41,118,14. 42, 120, 21.
23. 122, 20. 43,122,24.124,1.14.44,124,18.20.128,11.14.47,
134, 20. 22. def. 313. 1, 136, 2. 6. 9. 12. 17. 48, 136, 21. 138, 14. 140
4. 49, 140, 7. 23. 142, 16. 60, 142, 19. 144, 20. 146, 16. 61, 146, 19.
148, 8. 24. 62, 160, 2, 14. 162, 9 53,152,12.154,14.156,13.64,
168,19. 20 23251601.1628.164,7.55,164,11.16.18.166,10.
1681617 5616821261702...4112067172361068,1.74
20.24.176,.1069,,1785,860,180,26.182,1...3715 184,6.
186,1. 61,186,4.6.7.11.13.24. 188,11. 62,188,13.15.16.21.23.
190, 1423. 63, 192, 3. 9. 22. 19414. 64,194,19.24. 196, 12. 20. 65,
196, 24. 198, 2. 18. 200,1, 66, 200, 4. 5. 7. 8. 10. 23. 202, 7.11. 23.
204,1. 67, 204, 4. 5. 6. 7. 9. 20. 71, 212, 1718210113). 214,15.23.
216, 2. 3. 4. 6. 8. 10. 20. 22. 23. 24. 25. 218, 36111513). 72, 218, 14.
1619. 220, 18. 20. 21. 22. 26. 27. 222, 4. 6, 7. 9. 13. 14. 16. 16. 17. 18.
20. 22. 2241. 108, 342, 11. 109, 344, 23. 110, 348, 6. 111,350,11.
14. 23 (513). 36216. 354, 16. 190113). 21. 24. 25. 26. 112, 366, 9. 140113).
15. 380, 20. 113, 360, 25. 362, 3. 8. 364, 21. 36610. 114, 366, 16.
21. 23. 368, 6. 26. app. 27, 380, 14. 29, 380. 7. 34, 394, 10. 36, 396,
1. 2. 37, 396. 4. 38, 396, 6. 90400, 16. 402, 4. Χ163311, 4, 10. 23,
6..24 311301.,,.3129 21,,..661420 22,,6818. 26,,.7613 28,86,1.
ΧΙΙ2,144,11.164,13.16.156,16. 16, 226, 6. 17, 228, 8. 240, 6.
1111182709. 9,274,1. 10, 276, 24 278, 11. 16, 316, 6. 18, 332, 14
334, 7. 336, 19. app. 10, 380, 8. 12333 70 5(13). 71 (ter). 72. 7311113). 86. 87.

³) elem. Ι, 6, 24, 2. 7, 24, 12. 18. 26. 7. 8, 26, 19. 28, 6. 10,30,19.
12, 34, 19. 14, 38, 12. 17. 18. 17, 44, 19. 23,56,13. 24, 58, 1. 26, 60,
8. 26, 66, 4. 28, 70, 7. 29, 72, 20. 21. 33, 80, 9, 35, 84, 23. 45106,
9.12.18.19. 4610826. 112, 6. 48, 116, 4. 1111,166,24. 8,188,10.
9,190,24. 15, 206, 20. 16, 208, 24. 17, 214, 6. 26,228,11. 26, 230,
22. 33,260,18. 254, 10. 37, 266, 20. XI 22, 80, 10. 23, 62, 20. 26,
80,3.10. XIII app.1, 2, 348, 20. 352, 15. 24

931311314, 16,18. 6, 20, 16. 26. 9, 30, 2. 11,32,16. 13, 36, 2.
7.1..21623.38,.114,,.38640,316,,...40141718164218
24,,581224. 26,,..60122 26,,.6211023. 64,8,23. eolo 28,
68,1.6 70,l..817 29,70,23 72,5..10 741. 31,,...7616172122.
78, 8.12.13.16.18, 34, 84, 6. 44, 102, 22. 45, 100, 8. 47,110,25.
112, 20. 11 def. 2, 118, 7. 10, 148, 6. ΙΠ 3, 172, 6. 21. 7, 180, 11.
182,1. 22, 222, 9. 12. 14. 16. 23. 24. 224, 2. 4. 28, 236, 7. 29,238,13.
30, 240, 7. 31, 242, 16. 244, 2. 3. 246, 5. 32, 248, 16. 16. IV 3, 276,
2021. 4, 278, 19. 2.292,17. 10,296,16. 12, 304. 6. 18. 13, 308, 6.
26. 16,314,17.21. opp.2, 4, 324, 8. 9. 3, 31, 332, 8. 16. VI 5, 30, 9.
6,92,23.32,174,18.23.176,18.19.23.178,1 app 6, 33, 426, 4.
1114,1,.4511.20..26 16,2 6,20,.17.20 8,.24,2626,.16.10,30,

2*

 

